2.50024	-0.5	0	0	0	0	0	0	0	0	0	0	0	0	
-0.5	2.49976	0	0	0	0	0	0	0	0	0	0	0	0	
0	0	2.48887	-0.499959	0	0	0	0	0	0	0	0	-1.46825	-1.46861	
0	0	-0.499959	2.51113	0	0	0	0	0	0	0	0	1.4957	1.4721	
0	0	0	0	2.52469	-0.499797	0	0	0	0	0	0	1.49783	1.49784	
0	0	0	0	-0.499797	2.47531	0	0	0	0	0	0	-1.4897	-1.46603	
0	0	0	0	0	0	2.50072	-0.5	0	0	0	0	0	0	
0	0	0	0	0	0	-0.5	2.49928	0	0	0	0	0	0	
0	0	0	0	0	0	0	0	2.49735	-0.499998	0	0	0	0	
0	0	0	0	0	0	0	0	-0.499998	2.50265	0	0	0	0	
0	0	0	0	0	0	0	0	0	0	2.49183	-0.499978	0	0	
0	0	0	0	0	0	0	0	0	0	-0.499978	2.50817	0	0	
0	0	-1.46825	1.4957	1.49783	-1.4897	0	0	0	0	0	0	4.95185	4.92844	
0	0	-1.46861	1.4721	1.49784	-1.46603	0	0	0	0	0	0	4.92844	4.9055	

·´Àý£º
0.444753	-0.752553	-0.473795	-0.334833	
-0.752553	1.55834	0.821588	0.457016	
-0.473795	0.821588	1.94053	1.75205	
-0.334833	0.457016	1.75205	1.70448	